[gd_scene format=3 uid="uid://btgaxvo6nt2j0"]

[ext_resource type="PackedScene" uid="uid://cxh0h0cy2v5a0" path="res://assets/entities/斑的大须佐/斑的大须佐.glb" id="1_4511r"]

[node name="斑的大须佐" unique_id=2053459570 instance=ExtResource("1_4511r")]

[node name="Skeleton3D" parent="90421_p/3DRoot" parent_id_path=PackedInt32Array(1294170731) index="7" unique_id=16225993]
bones/0/position = Vector3(0.12699516, 0.11499658, -76.776)
bones/0/rotation = Quaternion(0.4371102, 0.892854, -0.045830987, 0.09821538)
bones/1/position = Vector3(-1.0251999e-05, 7.95722e-06, 2.0980835e-05)
bones/1/rotation = Quaternion(-0.50000006, -0.49999997, -0.49999946, 0.5000006)
bones/2/position = Vector3(12.629984, -11.999999, 9.120018)
bones/2/rotation = Quaternion(-0.63294667, -0.09216076, 0.73042554, -0.2395067)
bones/3/position = Vector3(4.529953e-06, -9.679796e-05, 20.000078)
bones/3/rotation = Quaternion(0.2192766, -0.016080698, 0.101745725, 0.9702098)
bones/4/position = Vector3(12.629977, 14.500008, 9.144023)
bones/4/rotation = Quaternion(-0.03387642, -0.5300717, -0.15740475, 0.83252645)
bones/5/position = Vector3(4.0531154e-06, -1.3709068e-05, 20)
bones/5/rotation = Quaternion(-0.24378064, 0.022069441, -0.0720779, 0.9668965)
bones/6/position = Vector3(12.629956, -1.1599932, 19.00003)
bones/6/rotation = Quaternion(0.2619861, -0.21071263, -0.7058735, 0.6234631)
bones/7/position = Vector3(3.6415204e-06, 5.167422e-05, 20.000008)
bones/7/rotation = Quaternion(6.94902e-05, -0.20378795, 1.5432508e-05, 0.97901505)
bones/8/position = Vector3(12.630022, -12.000004, -9.11999)
bones/8/rotation = Quaternion(0.72201836, 0.1995586, -0.6620924, 0.022353128)
bones/9/position = Vector3(6.7949295e-06, -6.401539e-05, 20.00003)
bones/9/rotation = Quaternion(-0.42584407, 0.15983753, -0.00032428728, 0.8905665)
bones/10/position = Vector3(12.630013, 14.500007, -9.143987)
bones/10/rotation = Quaternion(-0.2028149, -0.79995745, 0.119316965, 0.5519942)
bones/11/position = Vector3(1.192093e-05, 4.6491627e-06, 20.000023)
bones/11/rotation = Quaternion(-0.29389617, -0.1593336, 0.032188065, 0.9419139)
bones/12/position = Vector3(12.630037, -1.1600018, -18.999989)
bones/12/rotation = Quaternion(0.6329945, 0.6329932, -0.3151501, -0.31514758)
bones/13/position = Vector3(-1.9925308e-06, 5.4130614e-05, 19.999994)
bones/13/rotation = Quaternion(-0.2025478, -1.0459026e-06, 8.075167e-06, 0.9792725)
bones/14/position = Vector3(10.016993, -0.018999955, -0.002987473)
bones/14/rotation = Quaternion(0.075359836, 0.04851987, 0.06369328, 0.99393654)
bones/15/position = Vector3(-10.815014, 2.8810375, 9.449002)
bones/15/rotation = Quaternion(0.16053864, 0.9430003, 0.16127308, -0.24283478)
bones/16/position = Vector3(38.861988, 0.00014390124, -7.694889e-05)
bones/16/rotation = Quaternion(-1.2907311e-06, 1.5215726e-07, -0.37022978, 0.92894024)
bones/17/position = Vector3(38.862, 2.0980835e-05, -5.1627052e-05)
bones/17/rotation = Quaternion(0.06229206, -0.07663638, 0.037869684, 0.9943905)
bones/18/position = Vector3(6.982997, 11.851003, 6.993716e-06)
bones/18/rotation = Quaternion(-0.053725548, -0.12661733, 0.750816, 0.6460317)
bones/19/position = Vector3(4.0000005, 3.8146973e-06, -1.6196644e-05)
bones/19/rotation = Quaternion(-7.87823e-08, 1.5780953e-06, -4.3213413e-07, 1)
bones/20/position = Vector3(18.500002, 1.5258789e-05, -3.608894e-05)
bones/20/rotation = Quaternion(1.5266342e-07, 7.0563755e-07, 5.5134285e-07, 1)
bones/21/position = Vector3(32.500015, 1.5258789e-05, -4.9565057e-05)
bones/21/rotation = Quaternion(1.8012273e-07, 7.278094e-07, 8.1956375e-07, 1)
bones/22/position = Vector3(18.138983, 5.988003, -0.110030085)
bones/22/rotation = Quaternion(-0.08926324, 0.70262825, 0.07632581, 0.7017978)
bones/23/position = Vector3(18.800997, -4.989988, 0.09194846)
bones/23/rotation = Quaternion(-0.034340575, -0.70748645, -0.01610771, 0.7057084)
bones/24/position = Vector3(16.749992, 5.6281733e-05, -3.554529e-05)
bones/25/position = Vector3(33.5, 0.00012013314, -5.7954265e-05)
bones/26/position = Vector3(-8.959041, -0.45197165, -11.574001)
bones/26/rotation = Quaternion(0.2228035, 0.89766496, -0.21335445, 0.31470037)
bones/27/position = Vector3(38.862003, 0.00015569545, 6.0750943e-05)
bones/27/rotation = Quaternion(5.8052734e-07, 2.9042982e-07, -0.4413796, 0.8973205)
bones/28/position = Vector3(38.862003, -3.8146973e-06, 7.414888e-05)
bones/28/rotation = Quaternion(-0.003633934, 0.05879133, -0.04859292, 0.9970803)
bones/29/position = Vector3(6.9830074, 11.851001, 1.4973345e-05)
bones/29/rotation = Quaternion(0.016051702, 0.07928925, 0.7941649, 0.6022936)
bones/30/position = Vector3(3.9999936, 6.198883e-06, 4.7913345e-06)
bones/30/rotation = Quaternion(-2.2708457e-07, -9.364006e-07, 1, 1.1324883e-06)
bones/31/position = Vector3(18.499992, 0, 3.405142e-05)
bones/31/rotation = Quaternion(-9.53138e-07, -1.3812637e-06, 1, 1.2815e-06)
bones/32/position = Vector3(32.499973, -1.335144e-05, 6.375065e-05)
bones/32/rotation = Quaternion(-9.776755e-07, -1.3410746e-06, 1, 1.66893e-06)
bones/33/position = Vector3(18.139002, 5.988, 0.11002328)
bones/33/rotation = Quaternion(-0.7026288, -0.08926674, 0.70179677, -0.07632626)
bones/34/position = Vector3(18.801006, -4.989999, -0.09197311)
bones/34/rotation = Quaternion(0.7074863, -0.03434265, 0.70570844, 0.016107177)
bones/35/position = Vector3(16.74999, 6.5803535e-05, 2.0996204e-05)
bones/36/position = Vector3(33.499992, 0.00013418496, 5.8017216e-05)
bones/37/position = Vector3(24.456995, -0.018093193, -0.0020099303)
bones/37/rotation = Quaternion(0.044780213, -0.0061150235, 0.21837611, 0.9748176)
bones/38/position = Vector3(12.662983, -7.262004, 10.186979)
bones/38/rotation = Quaternion(0.36713916, -0.31662205, 0.6028502, 0.6336647)
bones/39/position = Vector3(7.1287264e-05, -2.0027144e-05, 17.500013)
bones/39/rotation = Quaternion(-3.6999904e-07, 5.2794444e-06, 5.089691e-07, 1)
bones/40/position = Vector3(-7.724764e-05, -10.000048, 10.000005)
bones/40/rotation = Quaternion(0.67559075, -3.0621193e-06, 1.5976119e-06, 0.7372769)
bones/41/position = Vector3(-5.5551347e-05, 10.000023, 9.999999)
bones/41/rotation = Quaternion(-0.76371205, -2.5509858e-06, -3.5504288e-06, 0.64555705)
bones/42/position = Vector3(7.3909387e-06, -2.3841858e-06, 21.500015)
bones/42/rotation = Quaternion(-0.09238191, -0.0041324873, 0.00095958, 0.9957146)
bones/43/position = Vector3(-1.7166134e-05, 1.1920802e-06, 21.500017)
bones/43/rotation = Quaternion(-0.29042223, 0.083541624, -0.21651688, 0.92832977)
bones/44/position = Vector3(-1.1200056, -5.63402, -13.972992)
bones/44/rotation = Quaternion(-0.065079235, 6.175129e-08, 1.11619215e-07, 0.99788016)
bones/45/position = Vector3(24.455011, -0.0069781234, 8.3319446e-07)
bones/45/rotation = Quaternion(0.03239027, -0.053682335, 0.21445955, 0.9747185)
bones/46/position = Vector3(8.670039, -2.6692598e-05, 5.248863e-06)
bones/46/rotation = Quaternion(0.11792409, -0.09125387, -0.21254128, 0.96570855)
bones/47/position = Vector3(7.7489915, 2.9280179, 7.650015)
bones/47/rotation = Quaternion(-0.4778216, 0.47760507, -0.52121645, 0.52145314)
bones/48/position = Vector3(4.161992, 2.927006, 7.3360095)
bones/48/rotation = Quaternion(0.52121675, 0.5214534, -0.4778214, -0.4776048)
bones/49/position = Vector3(7.747986, 2.9289973, -7.6499944)
bones/49/rotation = Quaternion(-0.47760552, -0.4778224, 0.5214524, 0.52121603)
bones/50/position = Vector3(4.161938, 2.9270084, -7.335999)
bones/50/rotation = Quaternion(0.5902313, -0.4393625, 0.38941887, -0.55402213)
bones/51/position = Vector3(19.095982, 7.5840106, 2.4459945e-05)
bones/51/rotation = Quaternion(0.70189065, -0.08572417, 0.70189196, 0.08572399)
bones/52/position = Vector3(18.600973, -2.9159827, 2.4085008e-05)
bones/52/rotation = Quaternion(0.6811082, -0.18997632, 0.68110925, 0.18997605)
bones/53/position = Vector3(-5.0349984, 2.4309936, 5.0130258)
bones/53/rotation = Quaternion(0.56862813, -0.24557127, 0.7790774, 0.09692958)
bones/53/scale = Vector3(1.0000383, 0.9999999, 1.0000112)
bones/54/position = Vector3(12.55353, -6.500122e-05, 0.000493186)
bones/54/rotation = Quaternion(-0.07440202, 0.2848977, -0.020155706, 0.9554535)
bones/55/position = Vector3(-1.4033623e-05, 9.454028e-06, 1.8048472e-06)
bones/55/rotation = Quaternion(-1.594424e-06, -1.9023193e-05, 5.0142403e-06, 1)
bones/56/position = Vector3(10.999621, 0.00030350685, -5.1021576e-05)
bones/56/rotation = Quaternion(-1.6102565e-06, -1.9130295e-05, 5.0589438e-06, 1)
bones/57/position = Vector3(21.999283, 0.0005683899, -0.00014925003)
bones/57/rotation = Quaternion(-4.079193e-06, -1.818128e-05, 2.577901e-06, 1)
bones/58/position = Vector3(27.000078, 0.00068792526, -0.00012343928)
bones/58/rotation = Quaternion(-3.0377141e-06, -1.6623477e-05, -0.25586882, 0.9667115)
bones/59/position = Vector3(3.4999042, 2.861023e-06, -0.00017929077)
bones/59/rotation = Quaternion(4.2002653e-06, 7.115305e-07, -5.5953865e-06, 1)
bones/60/position = Vector3(13.499511, -3.671646e-05, -0.0005912781)
bones/60/rotation = Quaternion(4.258007e-06, 7.599592e-07, -5.595386e-06, 1)
bones/61/position = Vector3(23.499144, -6.687641e-05, -0.0010051727)
bones/61/rotation = Quaternion(4.13321e-06, 6.258488e-07, 0.020710016, 0.9997856)
bones/62/position = Vector3(27.00001, -0.00014090538, -0.0011472702)
bones/62/rotation = Quaternion(-0.72474325, -0.17094862, 0.12651923, 0.6553752)
bones/63/position = Vector3(2.7328067, 1.9810655, -3.098038)
bones/63/rotation = Quaternion(0.70038253, 0.39494509, 0.036634993, 0.5934145)
bones/64/position = Vector3(4.9258413, -0.0001088027, -4.7448942e-05)
bones/64/rotation = Quaternion(-0.004744677, -0.046055686, 0.33022207, 0.94276714)
bones/65/position = Vector3(2.550905, -1.06582065e-05, -0.000100851066)
bones/65/rotation = Quaternion(5.249933e-07, -2.426171e-07, 0.40838194, 0.9128112)
bones/66/position = Vector3(9.309499, -0.04778268, -2.8341563)
bones/66/rotation = Quaternion(0.024850665, 0.039938368, 0.1948767, 0.97969913)
bones/67/position = Vector3(4.363799, 9.529644e-05, -3.6452042e-07)
bones/67/rotation = Quaternion(-1.364725e-06, -2.182786e-06, 0.5353064, 0.84465796)
bones/68/position = Vector3(2.4898841, 6.208595e-05, -1.44904525e-05)
bones/68/rotation = Quaternion(-3.975322e-08, 2.8745529e-08, 0.48937553, 0.8720732)
bones/69/position = Vector3(9.338559, -0.37078846, -0.72515744)
bones/69/rotation = Quaternion(-0.023645578, 0.049111083, 0.28528392, 0.9568919)
bones/70/position = Vector3(4.678766, 0.00010288683, 3.296135e-05)
bones/70/rotation = Quaternion(1.39473775e-08, -1.5656802e-07, 0.67083293, 0.7416085)
bones/71/position = Vector3(2.6958659, 5.9263588e-05, 1.5497233e-05)
bones/71/rotation = Quaternion(-5.4526815e-08, -5.2903303e-08, 0.4384701, 0.89874583)
bones/72/position = Vector3(9.286607, -0.40681016, 1.5188433)
bones/72/rotation = Quaternion(-0.042464886, 0.056144223, 0.35230637, 0.93323356)
bones/73/position = Vector3(4.48281, 9.086948e-05, 3.540456e-05)
bones/73/rotation = Quaternion(7.219166e-07, 2.378575e-07, 0.61574155, 0.78794825)
bones/74/position = Vector3(2.5608885, 4.6968198e-05, 2.3722638e-05)
bones/74/rotation = Quaternion(-1.0126005e-07, 1.07890614e-07, 0.4710511, 0.88210595)
bones/75/position = Vector3(8.83167, -0.08279826, 3.4828465)
bones/75/rotation = Quaternion(-0.07171498, 0.07415194, 0.28547648, 0.9528178)
bones/76/position = Vector3(3.8988147, 5.131856e-05, 4.726719e-05)
bones/76/rotation = Quaternion(9.136052e-07, 7.5498224e-07, 0.5611171, 0.82773644)
bones/77/position = Vector3(2.1138961, 2.5570378e-05, 2.9623128e-05)
bones/77/rotation = Quaternion(6.287739e-07, 1.1422015e-06, 0.4709928, 0.88213706)
bones/78/position = Vector3(6.7938995, 3.1443634, 6.589182)
bones/78/rotation = Quaternion(-0.7070896, -0.08685232, -0.08553556, 0.6965377)
bones/79/position = Vector3(1.8469949, 25.902653, -8.350883e-05)
bones/79/rotation = Quaternion(1.530651e-05, -1.3543725e-05, 0.70739335, 0.7068201)
bones/79/scale = Vector3(1.0000001, 0.9999999, 1.0000005)
bones/80/position = Vector3(27.40465, 4.0743413e-05, -0.0011916519)
bones/80/rotation = Quaternion(2.5799145e-07, 1.9163617e-06, 0.0073224823, 0.9999732)
bones/80/scale = Vector3(0.9999994, 0.9999998, 0.9999997)
bones/81/position = Vector3(26.789652, -9.351733e-05, -0.0010847732)
bones/81/rotation = Quaternion(9.2280965e-09, 6.337441e-08, 8.3936786e-05, 1)
bones/81/scale = Vector3(1.0000005, 1.0000004, 1)
bones/82/position = Vector3(27.398632, 2.4867253e-05, -0.001106196)
bones/82/rotation = Quaternion(1.3583268e-07, -3.8711046e-06, 0.0037039928, 0.99999315)
bones/82/scale = Vector3(1, 0.9999997, 0.9999998)
bones/83/position = Vector3(26.58665, 1.971408e-06, -0.0012686524)
bones/83/rotation = Quaternion(-2.7917744e-09, -2.8372003e-09, 3.915236e-12, 1)
bones/84/position = Vector3(-2.4280093, 25.831657, -8.0992104e-05)
bones/84/rotation = Quaternion(1.5215759e-05, -1.3461933e-05, 0.70739335, 0.7068201)
bones/84/scale = Vector3(1, 0.9999999, 1.0000005)
bones/85/position = Vector3(27.40464, 2.8508197e-05, -0.001197192)
bones/85/rotation = Quaternion(2.4190615e-07, 1.8082156e-06, 0.0073225005, 0.9999732)
bones/85/scale = Vector3(0.9999993, 0.9999998, 0.99999976)
bones/86/position = Vector3(26.789654, -8.501455e-05, -0.0010919945)
bones/86/rotation = Quaternion(-5.67262e-09, 7.49216e-09, 8.393859e-05, 1)
bones/86/scale = Vector3(1.0000004, 1.0000001, 1)
bones/87/position = Vector3(27.398684, 1.6102369e-05, -0.0011070484)
bones/87/rotation = Quaternion(1.3770487e-07, -3.8170833e-06, 0.003703996, 0.99999315)
bones/87/scale = Vector3(1.0000004, 0.9999998, 0.99999994)
bones/88/position = Vector3(26.586697, 3.8189933e-06, -0.0012710742)
bones/88/rotation = Quaternion(5.8229617e-09, -1.0286408e-08, 1.8630363e-08, 1)
bones/89/position = Vector3(-0.3261187, 0.26298475, 7.856003)
bones/89/rotation = Quaternion(0.54251736, 0.284435, 0.57078445, 0.5467878)
bones/90/position = Vector3(-6.0959845, 2.0719972, -3.8649788)
bones/90/rotation = Quaternion(-0.6183275, 0.22306496, 0.7496088, 0.07745811)
bones/90/scale = Vector3(1.0000378, 1.0000002, 1.0000108)
bones/91/position = Vector3(12.55352, -2.8115292e-05, -0.00052429654)
bones/91/rotation = Quaternion(-0.051068913, -0.37232536, 0.014632714, 0.92658067)
bones/92/position = Vector3(3.4921432e-06, 1.3494427e-05, -8.078532e-07)
bones/92/rotation = Quaternion(2.7582867e-06, 8.684384e-07, 1, -5.878509e-06)
bones/93/position = Vector3(10.999476, 0.00012493134, -0.00015190337)
bones/93/rotation = Quaternion(4.9251253e-06, 5.5608876e-07, 1, -5.420298e-06)
bones/94/position = Vector3(21.998993, 0.000228405, -0.00028239377)
bones/94/rotation = Quaternion(7.659895e-06, -1.7237289e-07, 1, -4.3809414e-06)
bones/95/position = Vector3(26.999748, 0.0002842065, -0.0003577033)
bones/95/rotation = Quaternion(1.1741829e-06, 1.4795577e-05, -0.25990328, 0.96563464)
bones/96/position = Vector3(3.499878, -0.00018574297, 8.5525215e-05)
bones/96/rotation = Quaternion(2.5564805e-07, 5.775597e-06, 1, 8.583069e-06)
bones/97/position = Vector3(13.499538, -0.0006875992, 0.00033145025)
bones/97/rotation = Quaternion(2.9057261e-07, 5.8228607e-06, 1, 8.434056e-06)
bones/98/position = Vector3(23.4992, -0.0011796951, 0.0005490519)
bones/98/rotation = Quaternion(2.2165477e-07, 5.6894496e-06, 1, 8.612871e-06)
bones/99/position = Vector3(27.000412, -0.0012655258, 0.0006008893)
bones/99/rotation = Quaternion(0.75893754, -0.0630297, 0.1699935, 0.6254144)
bones/100/position = Vector3(2.7327816, 1.981045, 3.0980554)
bones/100/rotation = Quaternion(-0.70038354, -0.39494652, 0.03663492, 0.59341216)
bones/101/position = Vector3(4.925832, -0.0001406035, 4.1073614e-05)
bones/101/rotation = Quaternion(0.004746007, 0.046058677, 0.33021873, 0.9427681)
bones/102/position = Vector3(2.5509036, 9.890845e-06, 0.00010496341)
bones/102/rotation = Quaternion(-1.6120723e-06, -5.383051e-07, 0.40838525, 0.9128098)
bones/103/position = Vector3(9.309499, -0.047815874, 2.8342113)
bones/103/rotation = Quaternion(-0.033880208, -0.034469854, 0.259839, 0.9644417)
bones/104/position = Vector3(4.363792, 8.0198486e-05, 1.630398e-06)
bones/104/rotation = Quaternion(1.7305606e-06, 1.8929499e-06, 0.63597596, 0.77170885)
bones/105/position = Vector3(2.4898827, 4.7661622e-05, 1.0810797e-05)
bones/105/rotation = Quaternion(3.931156e-09, -3.970509e-08, 0.48937574, 0.8720732)
bones/106/position = Vector3(9.3385515, -0.37083426, 0.72521293)
bones/106/rotation = Quaternion(0.019290676, -0.05098232, 0.36728984, 0.9285079)
bones/107/position = Vector3(4.678779, 0.0001273883, -4.6551206e-05)
bones/107/rotation = Quaternion(2.562257e-07, 9.324522e-08, 0.6708309, 0.74161035)
bones/108/position = Vector3(2.6958892, 7.7977755e-05, -2.503395e-05)
bones/108/rotation = Quaternion(-9.147307e-09, 2.1790868e-08, 0.43847057, 0.89874554)
bones/109/position = Vector3(9.2866125, -0.40683532, -1.5187886)
bones/109/rotation = Quaternion(0.04246359, -0.056147818, 0.3523068, 0.9332332)
bones/110/position = Vector3(4.4817824, 8.7350505e-05, -3.9220457e-05)
bones/110/rotation = Quaternion(-3.9817442e-07, -5.149068e-07, 0.6157399, 0.7879495)
bones/111/position = Vector3(2.5608857, 5.3048152e-05, -2.3007393e-05)
bones/111/rotation = Quaternion(-6.0855783e-09, -1.669002e-08, 0.47105116, 0.88210595)
bones/112/position = Vector3(8.8316965, -0.082845144, -3.4828026)
bones/112/rotation = Quaternion(0.07171387, -0.07415557, 0.28547683, 0.95281744)
bones/113/position = Vector3(3.89882, 6.157224e-05, -5.8711255e-05)
bones/113/rotation = Quaternion(-3.728488e-07, -9.924245e-07, 0.56111485, 0.827738)
bones/114/position = Vector3(2.1139102, 4.1246603e-05, -2.9027484e-05)
bones/114/rotation = Quaternion(-2.864282e-07, 1.9749437e-07, 0.5291473, 0.84853)
bones/115/position = Vector3(5.7943344, 3.4474144, -5.8861017)
bones/115/rotation = Quaternion(0.70723027, 0.09929977, -0.097308055, 0.69317824)
bones/116/position = Vector3(1.8469907, 25.902655, 0.00010224225)
bones/116/rotation = Quaternion(-1.567021e-05, 1.32367395e-05, 0.7073928, 0.7068206)
bones/117/position = Vector3(27.404627, 7.587799e-05, 0.0012025464)
bones/117/rotation = Quaternion(-2.2676443e-07, -2.0162765e-06, 0.0073226355, 0.9999732)
bones/118/position = Vector3(26.789633, -4.9646045e-05, 0.001072071)
bones/118/rotation = Quaternion(6.0854084e-08, -1.4880849e-08, 8.387468e-05, 1)
bones/119/position = Vector3(27.398624, 4.3061566e-05, 0.0011139712)
bones/119/rotation = Quaternion(-1.1592894e-07, 3.860712e-06, 0.0037040475, 0.99999315)
bones/120/position = Vector3(26.586653, 2.848745e-05, 0.001275277)
bones/120/rotation = Quaternion(7.4483846e-09, -7.408994e-09, -6.9735314e-08, 1)
bones/121/position = Vector3(-2.4280043, 25.831661, 0.00010678555)
bones/121/rotation = Quaternion(-1.5650474e-05, 1.3288112e-05, 0.70739293, 0.7068205)
bones/122/position = Vector3(27.404623, 5.0123203e-05, 0.0012200443)
bones/122/rotation = Quaternion(-2.3785365e-07, -2.027533e-06, 0.0073226457, 0.9999732)
bones/123/position = Vector3(26.789635, -7.070169e-05, 0.0010804837)
bones/123/rotation = Quaternion(7.9472855e-08, 2.609872e-08, 8.3858555e-05, 1)
bones/124/position = Vector3(27.398636, 3.630206e-05, 0.0011038546)
bones/124/rotation = Quaternion(-1.1249204e-07, 3.819746e-06, 0.0037040382, 0.99999315)
bones/125/position = Vector3(26.586647, 2.1633312e-05, 0.0012838976)
bones/125/rotation = Quaternion(-4.3894094e-12, -2.603658e-08, -4.5520927e-08, 1)
bones/126/position = Vector3(-0.32625264, 0.2630078, -7.8549824)
bones/126/rotation = Quaternion(-0.45100284, 0.7146848, -0.4702052, 0.25441965)
bones/127/position = Vector3(14.568985, -6.10098, -6.2060003)
bones/127/rotation = Quaternion(-0.308601, -0.40038782, -0.66699445, 0.54733306)
bones/128/position = Vector3(-8.940706e-06, -6.6161156e-06, -17.500002)
bones/128/rotation = Quaternion(-2.6000208e-07, 2.4689993e-07, -4.3492776e-07, 1)
bones/129/position = Vector3(-6.318003e-06, 10.000021, -9.999997)
bones/129/rotation = Quaternion(0.67559034, 4.9299905e-07, -7.5527123e-07, 0.7372772)
bones/130/position = Vector3(-4.887561e-06, -10.000004, -10.000018)
bones/130/rotation = Quaternion(-0.7745413, 4.7345628e-07, 3.8177325e-07, 0.63252336)
bones/131/position = Vector3(5.6028384e-06, 2.503389e-06, -21.500021)
bones/131/rotation = Quaternion(-0.07938078, -2.701124e-07, 4.2004655e-07, 0.9968445)
bones/132/position = Vector3(-1.9073536e-06, -4.4703454e-05, -21.500017)
bones/132/rotation = Quaternion(-0.17064868, 0.013789828, -0.18187317, 0.96830326)
bones/133/position = Vector3(1.4890064, 9.864968, 18.951015)
bones/133/rotation = Quaternion(-0.108674176, 4.028014e-08, 2.156262e-07, 0.99407744)

[node name="3kms00T0 L Toe0" parent="90421_p/3DRoot/Skeleton3D" index="0" unique_id=873494825]
transform = Transform3D(-0.19566734, -0.0045818835, -0.9806591, 0.98043174, 0.021133091, -0.19572037, 0.021620976, -0.999766, 0.0003569126, 39.573456, 30.663593, -3.9015808)

[node name="3kms00T0 L Toe0Nub" parent="90421_p/3DRoot/Skeleton3D/3kms00T0 L Toe0" index="0" unique_id=1665414632]
transform = Transform3D(0.9999998, 1.5099576e-07, 6.600235e-15, 0, 4.3711378e-08, -0.9999998, 1.5099577e-07, -0.99999976, -4.371138e-08, 7.2250013, 2.1339274e-06, 1.916429e-06)

[node name="3kms00T0 R Toe0" parent="90421_p/3DRoot/Skeleton3D" index="1" unique_id=264855191]
transform = Transform3D(-0.89785165, 0.0010110773, -0.4402961, 0.43694878, 0.12514669, -0.8907378, 0.054200504, -0.99213755, -0.11280532, -42.51697, -21.743935, -3.7417727)

[node name="3kms00T0 L sword01" parent="90421_p/3DRoot/Skeleton3D" index="2" unique_id=1675717051]
transform = Transform3D(0.88037497, -0.35036856, -0.31965694, 0.4739152, 0.6761986, 0.56405556, 0.018524393, -0.6480709, 0.7613539, 41.909412, -35.806843, -92.50553)

[node name="3kms00T0 Head" parent="90421_p/3DRoot/Skeleton3D" index="3" unique_id=939790543]
transform = Transform3D(0.021441527, -0.0037552118, 0.99976283, 0.33085924, 0.94367296, -0.0035513937, -0.943436, 0.33085725, 0.021476183, -5.328973, 8.202248, -140.077)

[node name="3kms00T0 L Finger02" parent="90421_p/3DRoot/Skeleton3D" index="4" unique_id=1915833751]
transform = Transform3D(0.39458603, -0.2226655, 0.89151335, -0.83601236, -0.48960382, 0.24773458, 0.38132426, -0.8430447, -0.3793264, 55.15252, 14.123507, -82.031166)

[node name="3kms00T0 L Finger12" parent="90421_p/3DRoot/Skeleton3D" index="5" unique_id=378398293]
transform = Transform3D(-0.9939283, 0.090102166, 0.06373625, -0.066727355, -0.030634377, -0.997301, -0.0879114, -0.995471, 0.036466304, 60.195618, 12.390302, -80.24053)

[node name="3kms00T0 L Finger22" parent="90421_p/3DRoot/Skeleton3D" index="6" unique_id=911543591]
transform = Transform3D(-0.8772391, 0.48003924, -0.009378244, -0.046570975, -0.1045182, -0.99343234, -0.47786015, -0.87101316, 0.11404632, 58.733715, 10.66475, -80.81012)

[node name="3kms00T0 L Finger32" parent="90421_p/3DRoot/Skeleton3D" index="7" unique_id=952994449]
transform = Transform3D(-0.8414755, 0.5386914, -0.0424791, -0.043221045, -0.14546163, -0.98841965, -0.5386241, -0.8298677, 0.14568704, 58.122406, 8.642411, -80.970406)

[node name="3kms00T0 L Finger42" parent="90421_p/3DRoot/Skeleton3D" index="8" unique_id=1687768225]
transform = Transform3D(-0.9564204, 0.28576553, -0.06059799, -0.002963249, -0.21693003, -0.9761831, -0.29210457, -0.9334332, 0.20832308, 58.679153, 6.913254, -81.43087)

[node name="3kms00T0 R Finger02" parent="90421_p/3DRoot/Skeleton3D" index="9" unique_id=2057540991]
transform = Transform3D(0.21443513, -0.07160289, 0.9741382, -0.8589124, -0.48869973, 0.15318295, 0.4650856, -0.8695181, -0.16629066, -43.025223, -23.852211, -77.50393)

[node name="3kms00T0 R Finger0Nub" parent="90421_p/3DRoot/Skeleton3D/3kms00T0 R Finger02" index="0" unique_id=942426593]
transform = Transform3D(0.9999999, -8.742278e-08, -3.8213705e-15, 0, 4.371139e-08, -0.99999994, -8.742277e-08, -1, -4.3711385e-08, 3.104008, -1.4781952e-05, -7.867813e-06)

[node name="3kms00T0 R Finger12" parent="90421_p/3DRoot/Skeleton3D" index="10" unique_id=49286438]
transform = Transform3D(0.4778954, -0.80887604, -0.34262258, 0.19419335, -0.2831434, 0.939224, -0.85670316, -0.5153692, 0.02175769, -44.584984, -26.830614, -74.48264)

[node name="3kms00T0 R Finger22" parent="90421_p/3DRoot/Skeleton3D" index="11" unique_id=1750062521]
transform = Transform3D(0.30642125, -0.83961606, -0.44855958, 0.13893984, -0.42675543, 0.8936437, -0.9417158, -0.33614168, -0.014117221, -43.222748, -27.88422, -75.57944)

[node name="3kms00T0 R Finger32" parent="90421_p/3DRoot/Skeleton3D" index="12" unique_id=1155225007]
transform = Transform3D(0.3872091, -0.7821461, -0.4882326, 0.19197564, -0.44956526, 0.8723871, -0.9018014, -0.43150967, -0.02392874, -42.650074, -29.829247, -75.47398)

[node name="3kms00T0 R Finger3Nub" parent="90421_p/3DRoot/Skeleton3D/3kms00T0 R Finger32" index="0" unique_id=1768037511]
transform = Transform3D(0.9999999, -8.742277e-08, -3.8213697e-15, 0, 4.3711385e-08, -0.9999997, -8.742277e-08, -0.9999999, -4.3711374e-08, 2.5729887, -9.536743e-07, -1.7046928e-05)

[node name="3kms00T0 R Finger42" parent="90421_p/3DRoot/Skeleton3D" index="13" unique_id=212755426]
transform = Transform3D(0.49863312, -0.68635154, -0.5294725, 0.24494103, -0.4743923, 0.845564, -0.8315092, -0.55129683, -0.06843659, -42.64616, -31.688576, -75.70575)

[node name="3kms00T0 R sword01" parent="90421_p/3DRoot/Skeleton3D" index="14" unique_id=266640214]
transform = Transform3D(0.9738567, 0.21902207, 0.060263425, 0.21241379, -0.7839751, -0.58332044, -0.08051499, 0.5808712, -0.8100032, -4.7159357, -53.423317, -95.08979)

[node name="3kms00T0" parent="90421_p/3DRoot/Skeleton3D" index="15" unique_id=1050465852]
transform = Transform3D(-0.5985769, 0.7895532, 0.13531755, 0.7715483, 0.6136682, -0.1677026, -0.21545032, 0.004021129, -0.9765064, 0.12699516, 0.11499658, -76.776)

[node name="3kms00T0 Footsteps" parent="90421_p/3DRoot/Skeleton3D/3kms00T0" index="0" unique_id=1858181718]
transform = Transform3D(-0.78992444, 0.41223165, 0.45396498, 0.37848607, -0.25470135, 0.889874, 0.48245966, 0.8747524, 0.0451709, -20.608002, 12.733005, -43.73)

[node name="Camera3D" type="Camera3D" parent="." index="2" unique_id=554097965]
transform = Transform3D(0.40142027, 0, -0.91589403, 0, 1, 0, 0.91589403, 0, 0.40142027, -2.105592, 1.0174015, 1.7672138)
